p0	p1	p2	p3	p4	total	unknown
104823	2056671	4160619	958129	367073	9188660	1541345
24133	0	8507556	189622	68104	9188660	399245
42052	0	8201111	361407	141569	9188660	442521
35970	0	8302581	336859	86860	9188660	426390
25547	0	8463194	201701	93787	9188660	404431
51044	969213	6980968	407545	160286	9188660	619604
31479	772247	7649489	284528	80345	9188660	370572
11050	1151108	7763124	0	0	9188660	263378
56707	0	7606230	531308	158003	9188660	836412
27514	0	8504815	208894	97013	9188660	350424
17514	0	8661384	139078	46435	9188660	324249
39995	0	8279164	307228	136611	9188660	425662
68372	1465660	6157257	653134	184658	9188660	659579
53179	0	8021986	504376	168645	9188660	440474
995	0	8956501	0	0	9188660	231164
85471	1949862	4945852	778105	290236	9188660	1139134
39854	0	8269274	319250	146186	9188660	414096
40364	0	8254224	335907	137269	9188660	420896
81811	0	7520945	761822	254575	9188660	569507
35323	0	8323444	266930	140940	9188660	422023
71031	0	7100840	659710	207609	9188660	1149470
22165	0	8591728	156753	80510	9188660	337504
25967	0	8506674	208689	68521	9188660	378809
162046	2364868	6325878	0	0	9188660	335868
118561	192446	6479860	1132654	386734	9188660	878405
51492	0	8039753	431461	195704	9188660	470250
27414	0	8520794	244831	67524	9188660	328097
1252	0	8938375	0	0	9188660	249033
18620	0	8610551	161142	53533	9188660	344814
50970	0	8052787	414158	193064	9188660	477681
26508	0	8487555	196139	105223	9188660	373235
29150	0	8427926	262006	73468	9188660	396110
38578	1510589	6789661	330439	125811	9188660	393582
101225	0	8123337	380559	130443	9188660	453096
46136	0	8128442	418265	168332	9188660	427485
28246	2021570	6429656	236919	75111	9188660	397158
20634	0	8604467	151689	72443	9188660	339427
34182	0	8343762	293053	104730	9188660	412933
42245	867438	7313576	390972	110806	9188660	463623
35182	0	8319981	295380	120100	9188660	418017
21132	0	8562904	145757	84151	9188660	374716
73983	1080372	6066399	719660	199384	9188660	1048862
242111	278169	6623194	886388	389313	9188660	769485
30505	0	8407219	233667	113431	9188660	403838
761	0	8962971	0	0	9188660	224928
57248	0	7914968	480986	214390	9188660	521068
50620	3718513	5181167	0	0	9188660	238360
46343	0	8119418	392624	173048	9188660	457227
7406	959262	7970045	0	0	9188660	251947
22101	0	8578883	153863	88380	9188660	345433
20874	0	8591031	180918	48571	9188660	347266
23088	0	8566897	153999	97445	9188660	347231
59945	0	7903048	488196	255376	9188660	482095
64049	0	7612875	601177	204187	9188660	706372
61772	0	7855845	534160	221050	9188660	515833
94561	0	6806201	870817	273328	9188660	1143753
148079	1890084	3682981	1411229	455020	9188660	1601267
44747	0	8101763	394615	133563	9188660	513972
92167	0	7297453	860422	299788	9188660	638830
48285	0	8093786	423166	171671	9188660	451752
34041	0	8328821	270075	128469	9188660	427254
54554	0	7990499	420090	240227	9188660	483290
64997	0	7770157	579155	207874	9188660	566477
33597	0	8381461	262242	138566	9188660	372794
36577	0	8335185	303384	117407	9188660	396107
119391	1339776	5235478	1166448	347723	9188660	979844
143927	1189702	3820627	1356779	421107	9188660	2256518
80303	2023502	4899644	808820	226826	9188660	1149565
947	0	8940942	0	0	9188660	246771
69646	0	7755783	615452	230421	9188660	517358
28601	0	8441077	258715	65382	9188660	394885
43178	0	8195512	368719	131799	9188660	449452
51421	0	8068286	477496	155786	9188660	435671
29471	0	8456332	190475	129833	9188660	382549
48080	0	8102814	435591	149589	9188660	452586
41617	0	8213212	356487	136707	9188660	440637
48269	0	8119594	408719	170673	9188660	441405
22245	0	8563497	170415	79511	9188660	352992
31958	0	8409982	244185	117078	9188660	385457
40892	0	8198659	312600	186336	9188660	450173
250364	0	3127625	1913925	578856	9188660	3317890
4629	747809	8182498	0	0	9188660	253724
38390	906426	7362431	313674	135047	9188660	432692
112383	0	6102305	1092442	356151	9188660	1525379
78255	0	8316413	314106	88178	9188660	391708
56770	0	7945179	515873	157166	9188660	513672
1039	0	8955454	0	0	9188660	232167
55501	447306	7525251	496998	193316	9188660	470288
67024	0	7782146	590005	222964	9188660	526521
15989	0	8685447	120562	48370	9188660	318292
80946	0	7637607	701018	315789	9188660	453300
76889	0	7586334	733109	218603	9188660	573725
155129	0	4937520	1298593	470350	9188660	2327068
35180	0	8339606	282355	123739	9188660	407780
168651	0	5849815	1412974	412821	9188660	1344399
38660	0	8259059	351669	91019	9188660	448253
65373	123275	7569008	636235	183573	9188660	611196
70134	644611	6981467	634496	241393	9188660	616559
21683	0	8574706	184350	67880	9188660	340041
61091	486115	7325691	527322	206427	9188660	582014
20707	0	8617718	164534	56117	9188660	329584
40398	0	8288750	381260	97038	9188660	381214
44486	0	8170385	386993	152955	9188660	433841
32347	0	8407983	257574	109869	9188660	380887
32937	0	8354950	288561	106302	9188660	405910
39954	0	8289525	318236	147451	9188660	393494
25537	1173846	7748187	0	0	9188660	241090
50218	0	8090056	465762	160636	9188660	421988
18531	0	8642429	139858	58816	9188660	329026
68922	0	7738937	591568	258748	9188660	530485
21313	0	8584863	145476	59786	9188660	377222
38229	0	8319142	326213	129009	9188660	376067
57374	0	7940225	502455	196129	9188660	492477
64909	0	7391493	550721	226509	9188660	955028
36443	0	8296210	291430	131447	9188660	433130
15154	0	8687346	114518	48681	9188660	322961
50841	0	7946949	460456	155889	9188660	574525
35347	0	8328635	294308	117057	9188660	413313
40736	0	8206026	360038	104844	9188660	477016
124180	3074379	3399607	1165495	431292	9188660	993707
36144	905089	7413850	308560	111918	9188660	413099
40534	0	8278500	336995	133431	9188660	399200
61436	0	7405120	562280	196290	9188660	963534
47449	0	8154244	446040	124404	9188660	416523
1217	0	8953263	0	0	9188660	234180
60309	0	7926915	485709	256357	9188660	459370
40641	0	8228121	357098	110816	9188660	451984
19311	0	8622877	122318	53144	9188660	371010
127719	366733	6169492	1195964	411955	9188660	916797
95437	0	7388329	908068	285002	9188660	511824
23778	0	8557096	188828	90479	9188660	328479
30492	0	8422349	210269	121757	9188660	403793
13264	1097430	7856508	0	0	9188660	221458
85746	0	7307881	848217	209197	9188660	737619
147883	1382519	3377378	1450537	402924	9188660	2427419
92042	473514	6703585	886830	246757	9188660	785932
110885	0	6959074	979641	408641	9188660	730419
79453	0	7545636	728325	250834	9188660	584412
33299	406292	7902264	286686	119495	9188660	440624
83407	969685	5929002	756460	279794	9188660	1170312
30275	0	8441992	258393	104154	9188660	353846
50619	0	8097077	437272	168655	9188660	435037
22276	0	8583463	171973	73657	9188660	337291
60298	0	7559181	544576	182088	9188660	842517
55129	0	7983437	499303	183715	9188660	467076
33002	0	8346585	239172	144396	9188660	425505
73826	0	7037163	667425	247210	9188660	1163036
32632	0	8421586	242986	111532	9188660	379924
22372	0	8558000	165071	56294	9188660	386923
106538	0	6332233	1008418	342784	9188660	1398687
21637	0	8551124	202119	46031	9188660	367749
47932	0	8082227	381500	177969	9188660	499032
118634	3810544	2442365	1082148	386430	9188660	1348539
136454	0	6055262	1375681	373310	9188660	1247953
63540	0	7677112	532404	254059	9188660	661545
26082	0	8510846	203751	96276	9188660	351705
37911	0	8330812	300166	139774	9188660	379997
43613	0	8151264	370268	156583	9188660	466932
52592	0	8011052	497607	148467	9188660	478942
49586	0	8093071	459116	122345	9188660	464542
81766	0	7565633	705604	294958	9188660	540699
16635	0	8677143	117525	49592	9188660	327765
86338	0	7445360	780463	312341	9188660	564158
21053	0	8565043	148219	75907	9188660	378438
26540	0	8455270	212617	87204	9188660	407029
42339	0	8202307	369001	135392	9188660	439621
88675	0	7476757	870252	278183	9188660	474793
1168	0	8953486	0	0	9188660	234006
14580	0	8716198	118746	29432	9188660	309704
86625	0	7395527	769166	317922	9188660	619420
53905	0	7986227	544122	119994	9188660	484412
19566	0	8619333	150210	61262	9188660	338289
64697	0	7341458	573113	218267	9188660	991125
39064	0	8076873	334013	125810	9188660	612900
21874	0	8589770	173015	60585	9188660	343416
133296	1427476	3938948	1239432	422331	9188660	2027177
24513	0	8538396	209963	75579	9188660	340209
99352	230554	6857579	865323	377081	9188660	758771
136859	80290	5069047	1280076	483083	9188660	2139305
48500	0	8073901	372193	217118	9188660	476948
27786	0	8489039	196458	118742	9188660	356635
94511	1116633	6104457	782595	377003	9188660	713461
19762	0	8593077	134631	48218	9188660	392972
24398	0	8484213	204566	72333	9188660	403150
36275	0	8353511	284056	122881	9188660	391937
41798	0	8223208	409890	101287	9188660	412477
71763	0	7719770	621695	269077	9188660	506355
23860	0	8533711	214280	67199	9188660	349610
938	0	8954356	0	0	9188660	233366
34711	0	8373096	268699	131504	9188660	380650
26555	1001695	7491357	226788	71733	9188660	370532
26359	0	8502003	206884	91883	9188660	361531
16405	0	8687911	129686	50979	9188660	303679
24735	0	8530373	183250	62656	9188660	387646
43155	0	8207685	386088	136104	9188660	415628
49329	0	8106925	460877	132334	9188660	439195
36385	0	8331387	318985	104526	9188660	397377
38259	0	8287939	337563	126506	9188660	398393
33415	0	8370641	234805	127256	9188660	422543
873	0	8962632	0	0	9188660	225155
50259	0	8060631	470282	135973	9188660	471515
88324	0	7524950	811558	285661	9188660	478167
40411	0	8280594	381328	93463	9188660	392864
24627	0	8518481	193725	79674	9188660	372153
104925	0	7271462	971145	350006	9188660	491122
35065	0	8372703	296750	105318	9188660	378824
17429	0	8665125	120198	66143	9188660	319765
62148	0	7610492	542329	203666	9188660	770025
25562	0	8504121	186707	90674	9188660	381596
45568	757316	7383498	388892	157236	9188660	456150
18816	0	8633727	158705	49868	9188660	327544
46593	0	8128972	434908	142891	9188660	435296
90297	0	7418460	763029	365756	9188660	551118
34665	720823	7660813	281486	110788	9188660	380085
115989	0	6604732	1092409	361628	9188660	1013902
139970	482251	5514264	1314779	432688	9188660	1304708
76369	1853407	5187509	718009	232395	9188660	1120971
126736	0	6451234	1208851	372034	9188660	1029805
36965	0	8316926	298383	132072	9188660	404314
116138	2839857	3320563	1061608	388324	9188660	1462170
28283	0	8444022	273711	73565	9188660	369079
71339	0	7756235	614718	262356	9188660	484012
36417	579680	7718208	282481	157828	9188660	414046
88007	4680658	2091261	768896	304952	9188660	1254886
38214	0	8320527	311276	141556	9188660	377087
49615	426880	7645517	452262	143926	9188660	470460
40484	0	8215609	351010	144691	9188660	436866
36683	0	8331494	273546	153168	9188660	393769
22513	0	8553963	173449	80241	9188660	358494
103203	0	7048392	971654	337665	9188660	727746
37698	0	8312464	303955	133406	9188660	401137
61749	0	7793124	538133	213602	9188660	582052
37951	0	8336707	304330	122336	9188660	387336
130102	2829117	2579234	1292145	360332	9188660	1997730
40087	0	8263937	283846	181849	9188660	418941
726	0	8969375	0	0	9188660	218559
75414	0	7666910	698053	224640	9188660	523643
27884	0	8455188	229294	93586	9188660	382708
39539	0	8273749	342046	129220	9188660	404106
150415	811165	4059407	1375687	514464	9188660	2277522
80853	0	7537215	779839	248050	9188660	542703
38918	0	8291130	329685	123100	9188660	405827
51596	0	8009813	457118	155910	9188660	514223
28964	0	8453363	230458	96215	9188660	379660
224217	483438	5940329	911602	302128	9188660	1326946
23747	0	8574145	184250	67302	9188660	339216
116520	507979	5282782	1115732	342147	9188660	1823500
52950	236717	7718870	469387	155514	9188660	555222
2686	0	8948442	0	0	9188660	237532
22948	0	8556685	175627	92417	9188660	340983
73616	0	8364973	246021	94313	9188660	409737
76008	0	6997014	709878	210768	9188660	1194992
42006	0	8247435	348685	158595	9188660	391939
46698	0	8142298	462028	103431	9188660	434205
59859	0	7992157	523333	210628	9188660	402683
45287	0	8168046	420166	145090	9188660	410071
48410	0	8057890	464106	123575	9188660	494679
829	0	8969137	0	0	9188660	218694
35126	0	8323884	291200	124274	9188660	414176
33869	0	8394405	257406	122181	9188660	380799
24841	0	8516796	182506	95157	9188660	369360
52270	3863444	4165273	462361	171378	9188660	473934
31735	0	8394256	258125	111413	9188660	393131
19149	343451	8253737	137442	66139	9188660	368742
71677	1924580	5609230	653370	224266	9188660	705537
27108	1551916	6956574	223107	82109	9188660	347846
47034	0	8161163	348914	203804	9188660	427745
77051	0	7462688	667593	282210	9188660	699118
36523	0	8324387	290970	151521	9188660	385259
91018	0	7447275	870142	263236	9188660	516989
68692	0	7581935	589832	240806	9188660	707395
32507	0	8395248	258996	125012	9188660	376897
68007	0	7697135	582782	256779	9188660	583957
154002	0	7752290	635893	197218	9188660	449257
719	0	8965140	0	0	9188660	222801
31295	0	8366760	279546	92405	9188660	418654
25025	0	8512435	205824	57456	9188660	387920
83122	0	7501268	798730	234969	9188660	570571
23283	0	8568769	172461	82285	9188660	341862
21301	1574770	6966727	179099	55732	9188660	391031
33454	931502	7402050	265225	114962	9188660	441467
51423	484627	7523048	424469	154830	9188660	550263
79688	0	7542058	789861	248760	9188660	528293
85910	0	7309280	825812	243753	9188660	723905
28345	0	8487568	222525	100360	9188660	349862
37055	0	8329531	283416	140424	9188660	398234
96919	0	6657783	895147	318530	9188660	1220281
42892	2096179	6774531	0	0	9188660	275058
29311	0	8437233	222532	104137	9188660	395447
1167	0	8945827	0	0	9188660	241666
41415	0	8261568	370313	119067	9188660	396297
36552	0	8304211	331788	107287	9188660	408822
84274	0	6865747	746582	286746	9188660	1205311
70625	0	7679765	637007	227315	9188660	573948
36515	1651418	7272977	0	0	9188660	227750
24657	0	8518194	200157	69705	9188660	375947
29134	0	8476740	233201	100804	9188660	348781
47413	0	8039343	418437	169351	9188660	514116
78711	0	7559943	689767	279737	9188660	580502
46318	0	8192635	425924	129430	9188660	394353
606	0	8974056	0	0	9188660	213998
31131	0	8405550	232849	125377	9188660	393753
56098	0	7997617	449090	215649	9188660	470206
56988	0	8035137	499931	187590	9188660	409014
41197	0	8243745	352617	144010	9188660	407091
18815	0	8637941	131986	70787	9188660	329131
62454	0	7849924	561463	205880	9188660	508939
72074	2738299	4982065	668182	233608	9188660	494432
23167	0	8537154	180421	85160	9188660	362758
48375	0	8113697	461131	134281	9188660	431176
45471	0	8154681	431600	119065	9188660	437843
1429	0	8899486	0	0	9188660	287745
38877	0	8318153	279466	147035	9188660	405129
55274	0	7977039	511892	161100	9188660	483355
20756	0	8596557	170862	51398	9188660	349087
81246	0	8324312	276298	120293	9188660	386511
34054	185490	8139748	309103	89519	9188660	430746
27593	0	8481027	239029	79208	9188660	361803
55777	0	8047810	509641	153904	9188660	421528
26750	0	8490295	212191	100066	9188660	359358
52621	0	8040677	398914	223960	9188660	472488
43472	0	8237174	367543	140172	9188660	400299
52622	0	8035734	484184	149176	9188660	466944
53271	0	7975283	496829	148609	9188660	514668
38627	0	8300508	336745	113149	9188660	399631
57033	1504267	6441169	538597	147066	9188660	500528
143471	72975	5905501	1287764	512858	9188660	1266091
31986	0	8377771	269012	110373	9188660	399518
96156	332017	6804218	946990	254471	9188660	754808
56862	0	8026205	510863	183087	9188660	411643
33611	0	8362046	273289	106145	9188660	413569
38602	0	8249496	330863	112323	9188660	457376
64771	0	7831428	554008	221277	9188660	517176
68100	1545893	6131895	619106	248321	9188660	575345
48326	0	8120483	412737	165519	9188660	441595
130144	558496	5630824	1241190	396780	9188660	1231226
166485	1754005	2932990	1607451	493363	9188660	2234366
34235	0	8330792	308174	92842	9188660	422617
104353	0	6458072	975580	330388	9188660	1320267
94791	0	7218511	871002	327371	9188660	676985
51954	0	8034200	459997	170777	9188660	471732
28480	0	8468132	237851	77830	9188660	376367
169849	1562005	3216881	1589357	576167	9188660	2074401
52343	0	8103026	435997	186546	9188660	410748
766	0	8954807	0	0	9188660	233087
51032	0	8007309	455998	180630	9188660	493691
67833	0	7667871	638874	188141	9188660	625941
24998	0	8512530	210111	71040	9188660	369981
55233	1458535	6503661	530622	149839	9188660	490770
67197	0	7767088	562041	263754	9188660	528580
62064	0	8456642	212240	85252	9188660	372462
50803	0	8051886	501589	122088	9188660	462294
70822	3883467	3316095	627294	254139	9188660	1036843
9924	1473643	7463354	0	0	9188660	241739
127871	250580	5226452	1210520	364248	9188660	2008989
1143	0	8951295	0	0	9188660	236222
38368	0	8300768	335411	128912	9188660	385201
82742	0	7517794	737104	319160	9188660	531860
19404	0	8601605	124357	56892	9188660	386402
30538	0	8391002	263515	100126	9188660	403479
38407	628732	7630370	337275	104952	9188660	448924
48762	0	8017746	450824	161835	9188660	509493
85582	0	8279205	313936	115191	9188660	394746
879	0	8958467	0	0	9188660	229314
34213	0	8395500	272913	114344	9188660	371690
31538	0	8355209	267430	107560	9188660	426923
24879	0	8503307	189854	106175	9188660	364445
42594	0	8246569	394610	115872	9188660	389015
36939	0	8322471	314560	115118	9188660	399572
74340	0	7470892	665212	249085	9188660	729131
91200	0	7414631	827428	315802	9188660	539599
80602	0	7555644	725827	284958	9188660	541629
108356	0	6861524	1030306	341932	9188660	846542
20001	0	8611701	147983	49884	9188660	359091
30258	0	8430916	250912	86863	9188660	389711
78333	1500205	5480226	724018	234413	9188660	1171465
48691	0	8090093	388167	169115	9188660	492594
86578	812038	5856738	822387	235091	9188660	1375828
12830	603981	8354502	0	0	9188660	217347
34737	0	8342907	316760	93744	9188660	400512
96814	0	7160826	775515	405107	9188660	750398
25855	0	8515723	208615	77281	9188660	361186
26143	0	8497363	197048	84754	9188660	383352
28533	0	8446197	256694	91184	9188660	366052
29401	0	8433861	261310	77183	9188660	386905
31966	0	8402003	253020	111803	9188660	389868
39053	1163467	7054218	358128	108545	9188660	465249
47607	0	8188420	362230	204167	9188660	386236
80526	0	7518987	741723	274163	9188660	573261
179989	1916655	2467328	1711875	550663	9188660	2362150
89907	0	7419274	806912	304589	9188660	567978
72855	0	7698805	667778	248658	9188660	500564
39539	0	8289402	313830	134874	9188660	411015
26484	0	8475200	211544	106233	9188660	369199
80615	0	7511689	766688	249074	9188660	580594
103097	2287857	4877383	924729	346766	9188660	648828
39256	0	8309983	356092	102771	9188660	380558
45960	0	8170974	405972	162773	9188660	402981
51766	0	8086602	452439	166868	9188660	430985
62252	0	7746401	518894	220570	9188660	640543
78248	0	7644334	706523	244695	9188660	514860
35521	0	8341297	292397	110281	9188660	409164
42443	0	8166903	374569	127022	9188660	477723
44413	0	8176195	366371	170250	9188660	431431
98463	0	6636253	976749	290264	9188660	1186931
12156	928906	8003656	0	0	9188660	243942
105901	2460100	6332109	0	0	9188660	290550
34988	0	8381824	276361	128785	9188660	366702
53848	794766	7156591	452220	198745	9188660	532490
1219	0	8917541	0	0	9188660	269900
62792	0	7871941	579065	168685	9188660	506177
36547	0	8324516	308775	113577	9188660	405245
26995	0	8469404	211284	99379	9188660	381598
51712	0	8079783	429419	194728	9188660	433018
86383	0	7478027	743715	355158	9188660	525377
134026	0	5154739	1216853	372035	9188660	2311007
31253	0	8439098	239704	106098	9188660	372507
50620	0	8013715	434174	191380	9188660	498771
21372	0	8591716	167525	53093	9188660	354954
54212	0	7991132	517628	175730	9188660	449958
37631	0	8326397	324394	104347	9188660	395891
32451	0	8360680	250326	117354	9188660	427849
38050	0	8237114	305273	153203	9188660	455020
101648	3927528	4895200	0	0	9188660	264284
67324	0	7770735	586438	221486	9188660	542677
46157	0	8096096	398695	175866	9188660	471846
62518	0	7900372	543685	207729	9188660	474356
30659	0	8379458	236254	127411	9188660	414878
19508	0	8615125	153797	70992	9188660	329238
25436	0	8514821	212837	82191	9188660	353375
64238	0	7699875	558334	204116	9188660	662097
29777	0	8473498	228805	97946	9188660	358634
23702	745319	7816956	200525	54861	9188660	347297
89440	0	6732301	792247	325582	9188660	1249090
30156	0	8408256	236090	107507	9188660	406651
35964	1375046	6973710	347027	78107	9188660	378806
29302	0	8438142	209625	119974	9188660	391617
42973	0	8177928	352653	155810	9188660	459296
23521	0	8536841	200483	69123	9188660	358692
29080	1967576	6482591	206672	120795	9188660	381946
38656	0	8308992	328889	118854	9188660	393269
15357	0	8699981	116909	43183	9188660	313230
88754	777224	6636135	783544	312453	9188660	590550
101642	1108097	5224132	951818	344235	9188660	1458736
52164	0	7985631	487517	150995	9188660	512353
114719	0	6689958	1111435	343007	9188660	929541
55875	0	7992104	509783	164155	9188660	466743
34457	0	8397931	248369	126246	9188660	381657
1245	0	8944961	0	0	9188660	242454
30225	0	8446987	231599	109063	9188660	370786
21325	0	8582364	168095	67722	9188660	349154
59280	0	8010867	501634	216109	9188660	400770
52684	330986	7744613	480324	165278	9188660	414775
58806	0	7961427	489074	233439	9188660	445914
57638	2765556	4728669	550550	165591	9188660	920656
101499	0	7068218	929294	375250	9188660	714399
69848	0	7704827	664528	181021	9188660	568436
119034	0	5946385	1110573	365507	9188660	1647161
131550	0	5942237	1223444	447140	9188660	1444289
44167	1549075	6698055	399891	122044	9188660	375428
58496	562715	7264726	502434	211269	9188660	589020
22033	0	8560910	159961	61060	9188660	384696
80165	3748082	5088178	0	0	9188660	272235
90467	466174	6980398	902698	262580	9188660	486343
24642	0	8468070	164754	114572	9188660	416622
21855	0	8587713	186154	56278	9188660	336660
80675	623851	6125111	771536	234448	9188660	1353039
18210	517900	8046337	138194	41890	9188660	426129
42689	0	8222635	390738	130588	9188660	402010
57762	0	7914809	537248	183902	9188660	494939
46615	0	8145668	420872	145132	9188660	430373
87676	0	6766792	781726	314112	9188660	1238354
57537	0	7911464	486138	206127	9188660	527394
102997	0	7056616	917087	370257	9188660	741703
180291	818506	3245287	1639146	603599	9188660	2701831
23829	0	8541046	191002	91270	9188660	341513
53367	0	7998968	476910	155413	9188660	504002
148869	0	5504453	1332412	486614	9188660	1716312
78153	460300	6671234	672929	269167	9188660	1036877
33421	0	8358176	289555	109717	9188660	397791
144529	0	5627433	1414058	471556	9188660	1531084
24608	0	8547096	201877	83312	9188660	331767
85981	2426467	4990528	827775	251178	9188660	606731
868	0	8946233	0	0	9188660	241559
1316	0	8944459	0	0	9188660	242885
82068	0	7532700	754179	264727	9188660	554986
20849	0	8588262	177858	51609	9188660	350082
16871	0	8662765	113235	70548	9188660	325241
59903	3358216	4154644	535406	229061	9188660	851430
33984	0	8382608	263234	121269	9188660	387565
32036	0	8390722	272023	105289	9188660	388590
63278	0	7852841	620277	194691	9188660	457573
111979	0	6802360	1082511	311718	9188660	880092
59344	1401213	6450760	526648	206548	9188660	544147
54433	0	8057378	499623	155292	9188660	421934
29266	0	8399375	223459	85639	9188660	450921
49905	0	8088641	450380	175029	9188660	424705
64878	0	7747299	576466	215789	9188660	584228
12945	0	8715379	106871	33338	9188660	320127
21950	0	8585470	176264	63790	9188660	341186
43566	0	8205483	386096	122581	9188660	430934
56359	0	8058469	475247	196506	9188660	402079
60571	0	8476858	207566	80203	9188660	363462
100554	160776	6966635	890644	369119	9188660	700932
43263	0	8160267	385127	130454	9188660	469549
122604	0	6616087	1163432	369081	9188660	917456
49518	0	8094188	395465	205580	9188660	443909
57077	0	7838229	523539	174779	9188660	595036
45909	1979625	6181975	421213	133364	9188660	426574
22606	0	8558905	208352	54845	9188660	343952
38447	0	8317845	325570	118814	9188660	387984
67871	409697	7264161	593645	244156	9188660	609130
27079	0	8485353	229466	71622	9188660	375140
63975	0	7740941	580854	180657	9188660	622233
24690	0	8558164	221540	58850	9188660	325416
38227	0	8289422	342668	119431	9188660	398912
19559	0	8621813	150287	49822	9188660	347179
31174	1565480	7339917	0	0	9188660	252089
72200	0	7645467	632449	276335	9188660	562209
128601	0	6321428	1185633	436638	9188660	1116360
30186	0	8464961	251141	96552	9188660	345820
50634	0	8094431	466484	170296	9188660	406815
27352	2751107	5699159	225963	77733	9188660	407346
115345	0	6155493	1090780	352258	9188660	1474784
34738	0	8339909	267841	140027	9188660	406145
37537	0	8275943	309650	129756	9188660	435774
67690	0	7535231	669688	161889	9188660	754162
99485	0	6464868	944742	270282	9188660	1409283
25062	0	8522142	212706	78598	9188660	350152
90785	0	7298363	806501	309747	9188660	683264
54882	0	8005381	520986	141875	9188660	465536
28956	0	8456323	220847	100144	9188660	382390
34637	1944163	6405548	238083	169106	9188660	397123
27652	0	8471657	220922	85940	9188660	382489
48343	1086334	7066986	403662	174518	9188660	408817
61272	0	7967518	573963	175893	9188660	410014
34315	501378	7886679	292482	102670	9188660	371136
37576	0	8348910	310408	131049	9188660	360717
91317	429368	6128262	850983	248935	9188660	1439795
29661	0	8441695	230085	107128	9188660	380091
34881	0	8376328	273819	127495	9188660	376137
107054	2783691	3285621	1006025	339737	9188660	1666532
54285	1329469	6530645	469895	164855	9188660	639511
40071	0	8301566	361350	109004	9188660	376669
26564	0	8489308	235127	69488	9188660	368173
22668	0	8575433	175462	71735	9188660	343362
18524	0	8625614	128593	64262	9188660	351667
23356	0	8536249	169725	91399	9188660	367931
40602	321370	7936047	344067	123703	9188660	422871
61723	0	7762467	554282	182662	9188660	627526
65612	607818	7027845	561016	209571	9188660	716798
27823	0	8488848	234994	81756	9188660	355239
38448	0	8275200	326585	130058	9188660	418369
32351	0	8389940	250246	113952	9188660	402171
42883	0	8222548	380918	132891	9188660	409420
24000	0	8547362	173784	61346	9188660	382168
171237	390677	3799675	1645548	521727	9188660	2659796
65073	0	7848860	564321	252379	9188660	458027
92755	0	7225697	910354	304976	9188660	654878
42055	0	8246521	387241	127564	9188660	385279
43616	479534	7668528	356851	137536	9188660	502595
66120	0	7877649	591096	213214	9188660	440581
36462	0	8296556	333100	111380	9188660	411162
32043	0	8374721	282848	85414	9188660	413634
42861	0	8228567	365449	132159	9188660	419624
69838	0	7486618	602738	254897	9188660	774569
63012	0	7681675	519229	240461	9188660	684283
1153	0	8957086	0	0	9188660	230421
36050	0	8311950	291521	127284	9188660	421855
31942	0	8389911	243994	126269	9188660	396544
36098	0	8327640	274768	135957	9188660	414197
753	0	8949306	0	0	9188660	238601
41370	0	8238497	354699	150473	9188660	403621
32494	0	8354917	259411	99776	9188660	442062
118678	368699	6215946	1079660	434730	9188660	970947
46945	0	8064774	412148	149791	9188660	515002
39241	0	8248086	336082	108549	9188660	456702
45403	0	8181557	420150	126618	9188660	414932
38928	0	8312032	329717	130626	9188660	377357
66781	0	7810545	622009	222626	9188660	466699
1031	0	8941119	0	0	9188660	246510
1391	0	8930003	0	0	9188660	257266
38974	0	8262491	365485	100211	9188660	421499
69207	5521840	3368761	0	0	9188660	228852
40667	0	8208353	365212	107067	9188660	467361
47411	0	8110228	409988	146292	9188660	474741
34923	0	8345509	296656	129655	9188660	381917
38682	316350	7903205	334800	125046	9188660	470577
27534	0	8486510	237581	80766	9188660	356269
43897	1039101	7183441	372777	149208	9188660	400236
33785	0	8360516	288786	121979	9188660	383594
137782	720069	4465327	1298241	391982	9188660	2175259
33511	0	8404687	287303	93243	9188660	369916
183680	0	7367008	747954	254136	9188660	635882
1340	0	8942454	0	0	9188660	244866
28119	1519263	6872398	228822	89937	9188660	450121
91827	2319996	4963784	863329	283694	9188660	666030
55945	377443	7566261	486736	178944	9188660	523331
84200	0	7490639	776057	299100	9188660	538664
122034	0	7894166	497272	176762	9188660	498426
21823	0	8572452	160712	84206	9188660	349467
33770	0	8397483	239219	109121	9188660	409067
24586	578716	7973818	148699	96557	9188660	366284
75660	1199317	5960459	675604	200932	9188660	1076688
16967	0	8653537	106848	56315	9188660	354993
107165	849770	6247323	949080	292817	9188660	742505
92292	1216150	5761238	717010	299564	9188660	1102406
83240	0	7065746	676141	246605	9188660	1116928
26600	0	8506579	186093	96963	9188660	372425
34686	0	8396577	276921	101380	9188660	379096
144253	2276657	3331571	1147194	437740	9188660	1851245
47153	478084	7654561	333317	150220	9188660	525325
68641	1716631	5664134	548922	219990	9188660	970342
49511	0	8127846	414601	136661	9188660	460041
83336	2176510	5330810	702427	256424	9188660	639153
75993	0	7623264	599197	274477	9188660	615729
69860	4529245	4356988	0	0	9188660	232567
96607	3537211	5274330	0	0	9188660	280512
20131	0	8628426	148528	46047	9188660	345528
62186	0	8006641	514380	209507	9188660	395946
40344	0	8296138	320110	112666	9188660	419402
38547	0	8350198	268700	126078	9188660	405137
35373	0	8398940	246099	114716	9188660	393532
86496	0	7519826	792630	225665	9188660	564043
37562	0	8363916	264860	145809	9188660	376513
40052	0	8327666	322175	102001	9188660	396766
40052	0	8294342	317425	112076	9188660	424765
27526	0	8483090	190995	96042	9188660	391007
33717	0	8432793	263690	100245	9188660	358215
44968	0	8187371	393920	99502	9188660	462899
85153	3537067	3869386	738822	244030	9188660	714202
64536	2300301	5567031	493662	246320	9188660	516810
38374	0	8331980	296073	123353	9188660	398880
842	0	8978309	0	0	9188660	209509
107654	959288	5357025	936468	280255	9188660	1547970
120856	0	6062120	1071250	297088	9188660	1637346
125582	1141117	4846011	1099323	346908	9188660	1629719
88548	1605382	5150899	822281	212906	9188660	1308644
166679	447410	5241667	1491112	477201	9188660	1364591
190459	1505148	2743779	1695914	490510	9188660	2562850
136211	3736609	1834324	1223334	367731	9188660	1890451
80987	0	7501037	646353	294163	9188660	666120
85363	0	7526228	707895	267745	9188660	601429
67827	0	7577775	545199	231790	9188660	766069
26820	0	8438166	174207	113745	9188660	435722
34072	0	8399294	235154	133174	9188660	386966
57843	0	8024951	411574	238017	9188660	456275
35549	0	8385017	245933	127877	9188660	394284
122495	1318695	4793610	1090025	369076	9188660	1494759
199841	1324298	2727059	1698944	539838	9188660	2698680
152816	0	5676689	1348997	416417	9188660	1593741
153655	1908942	3197192	1343135	404538	9188660	2181198
36665	0	8386113	276481	130209	9188660	359192
37100	0	8377469	269492	116164	9188660	388435
132337	635911	5155900	1148967	381640	9188660	1733905
32978	0	8436745	245940	99695	9188660	373302
41204	0	8290338	353194	112281	9188660	391643
35978	0	8349857	263643	125839	9188660	413343
27730	0	8482283	182811	107358	9188660	388478
170673	512836	4346777	1420416	484459	9188660	2253499
90612	0	7584243	756043	304391	9188660	453371
46061	0	8223707	358519	153426	9188660	406947
45753	0	8193559	343436	150237	9188660	455675
33355	0	8432236	268684	91571	9188660	362814
46723	0	8157745	416866	119620	9188660	447706
32575	0	8431271	230112	106612	9188660	388090
33441	0	8416329	259854	113695	9188660	365341
87614	0	7594700	721669	309121	9188660	475556
36044	0	8388120	280808	126902	9188660	356786
56923	0	8050846	460943	177465	9188660	442483
28092	0	8483636	224667	82526	9188660	369739
34154	0	8400382	258617	123297	9188660	372210
17357	0	8632622	113148	64357	9188660	361176
758	0	8978633	0	0	9188660	209269
49989	0	8120927	411478	149133	9188660	457133
53618	0	8074939	486584	133774	9188660	439745
30390	0	8465073	205618	109626	9188660	377953
36713	0	8347037	302261	102137	9188660	400512
39314	0	8273734	290618	121762	9188660	463232
139138	320477	5206577	1178424	401635	9188660	1942409
50274	0	8119949	424454	149733	9188660	444250
22908	0	8584037	152263	71686	9188660	357766
32785	0	8437832	248251	96011	9188660	373781
97931	0	7175710	816689	290494	9188660	807836
40933	0	8319157	338732	104517	9188660	385321
39351	0	8304818	334674	105879	9188660	403938
1478	0	8934300	0	0	9188660	252882
53876	0	8040528	432781	157420	9188660	504055
53445	0	8047337	435978	155173	9188660	496727
49825	0	8083278	402877	142562	9188660	510118
98202	0	7203968	851905	290654	9188660	743931
36788	0	8390527	269089	117118	9188660	375138
35912	0	8399974	282345	105875	9188660	364554
38890	0	8333527	302509	126202	9188660	387532
37209	0	8307532	264147	138227	9188660	441545
82016	0	7577596	751095	220522	9188660	557431
64160	0	7906266	557699	165242	9188660	495293
66760	0	7824561	551540	183180	9188660	562619
74151	0	7673023	618584	223103	9188660	599799
65670	0	7875226	578546	169925	9188660	499293
41592	0	8265878	298247	144670	9188660	438273
49854	0	8144458	375102	160874	9188660	458372
51511	0	8111955	405300	161873	9188660	458021
47697	0	8156068	400224	129572	9188660	455099
74813	0	7633148	640759	212270	9188660	627670
59289	0	7941248	468447	198761	9188660	520915
123526	0	5886755	920988	361845	9188660	1895546
47721	0	8155403	392634	131838	9188660	461064
48397	0	8115973	362121	180094	9188660	482075
20156	0	8606300	151295	54788	9188660	356121
20592	0	8618824	150221	66494	9188660	332529
21883	0	8602107	143489	82057	9188660	339124
20526	0	8619169	134420	71660	9188660	342885
42461	0	8189122	358942	101459	9188660	496676
43878	0	8112494	328040	147805	9188660	556443
47745	0	8027890	376934	152428	9188660	583663
52404	0	8063389	421099	179851	9188660	471917
52318	0	8078662	431764	158686	9188660	467230
50423	0	8109645	408960	163225	9188660	456407
47376	0	8141912	378830	139244	9188660	481298
48806	0	8098417	407079	141192	9188660	493166
50040	0	8125460	417236	152041	9188660	443883
69032	0	7591628	606875	192011	9188660	729114
30548	0	8436980	239971	98108	9188660	383053
29091	0	8485406	229030	82892	9188660	362241
34059	0	8395420	258606	120993	9188660	379582
79575	0	7460535	682833	222308	9188660	743409
75304	0	7606392	629536	223203	9188660	654225
43934	0	8262662	379262	116003	9188660	386799
41262	0	8294704	347966	115317	9188660	389411
47997	0	8176875	429135	129274	9188660	405379
44945	0	8217541	391927	114751	9188660	419496
42950	0	8295674	332227	145885	9188660	371924
27378	0	8512166	219465	75990	9188660	353661
27493	0	8509459	227051	63672	9188660	360985
62550	0	7976221	548955	165580	9188660	435354
43306	0	8277691	314342	143357	9188660	409964
60023	0	7830064	493519	194794	9188660	610260
52162	0	8123638	417940	171304	9188660	423616
53840	0	8065967	465378	160351	9188660	443124
58355	0	7981631	535850	140368	9188660	472456
52053	0	8032813	412464	173179	9188660	518151
44054	0	8237970	363813	115744	9188660	427079
40485	0	8276928	313306	127340	9188660	430601
190316	0	4307002	1525347	492347	9188660	2673648
188791	0	4386880	1624182	432264	9188660	2556543
149300	1628288	3590194	1311660	376135	9188660	2133083
47669	185755	7661053	424219	119878	9188660	750086
88069	1228199	5579766	829638	186449	9188660	1276539
69728	2850079	4465475	575381	199264	9188660	1028733
49341	0	8154046	376459	169112	9188660	439702
37984	0	8350471	275109	145350	9188660	379746
42593	0	8153587	334256	129250	9188660	528974
30804	0	8427686	252401	94724	9188660	383045
30487	0	8449622	243357	89400	9188660	375794
30113	0	8466464	270742	63753	9188660	357588
74365	0	7584386	612618	235288	9188660	682003
70065	0	7655021	557097	246551	9188660	659926
44192	0	8270964	372667	128946	9188660	371891
54942	0	8067783	418970	206512	9188660	440453
51170	919538	6935381	443817	132206	9188660	706548
26451	0	8530411	207309	73198	9188660	351291
1231	0	8954686	0	0	9188660	232743
44441	0	8235755	354279	151273	9188660	402912
102381	0	8159670	399658	150455	9188660	376496
97307	0	8149431	348103	160203	9188660	433616
71920	0	8353938	230214	127292	9188660	405296
65415	0	8462628	223483	86180	9188660	350954
51177	0	8554893	175629	54789	9188660	352172
95928	0	8151172	328487	158715	9188660	454358
76255	0	8301929	272143	95124	9188660	443209
74556	0	8372541	284154	101730	9188660	355679
82425	0	8291068	283322	118366	9188660	413479
186067	0	7558281	770393	255383	9188660	418536
95069	0	8163549	354772	127851	9188660	447419
82408	0	8297654	290707	125231	9188660	392660
97638	0	8178869	348711	144206	9188660	419236
82210	0	8291903	329630	96850	9188660	388067
103416	0	8145858	348754	156927	9188660	433705
139155	0	7830424	562196	179475	9188660	477410
66786	0	8414517	242712	76536	9188660	388109
54392	0	8536267	158598	80753	9188660	358650
56388	0	8497726	204680	78809	9188660	351057
70224	0	8396886	246035	93117	9188660	382398
73162	0	8368319	269440	84065	9188660	393674
75847	0	8333797	244004	126996	9188660	408016
135256	0	7848136	504524	201297	9188660	499447
135391	0	7805847	523130	187257	9188660	537035
88650	0	8288093	321476	99726	9188660	390715
2308	0	8955951	0	0	9188660	230401
68145	0	8412039	245174	85572	9188660	377730
189567	0	7423104	760587	301869	9188660	513533
79486	0	8272406	273127	118491	9188660	445150
185605	0	7421048	767324	250457	9188660	564226
85936	0	8248252	300233	126787	9188660	427452
76296	0	8336123	259058	107274	9188660	409909
123047	0	7959552	443371	198594	9188660	464096
64963	0	8424367	216455	92833	9188660	390042
89209	0	8203736	316934	140348	9188660	438433
76688	0	8324378	272334	124610	9188660	390650
83137	0	8307780	286671	130601	9188660	380471
176472	0	7473066	737033	212849	9188660	589240
108626	0	8064409	438251	143346	9188660	434028
2375	0	8957380	0	0	9188660	228905
93161	0	8250453	341633	134046	9188660	369367
87831	0	8228091	313527	126408	9188660	432803
74610	0	8356836	253377	123308	9188660	380529
4576	0	8913748	0	0	9188660	270336
115603	0	8020987	512825	119576	9188660	419669
101486	0	8123024	350587	166869	9188660	446694
117159	0	7984725	466969	152659	9188660	467148
245488	1621513	4531433	1040356	357200	9188660	1392670
65431	0	8426322	213674	97444	9188660	385789
84747	0	8282361	321744	97916	9188660	401892
93074	0	8205958	369748	119776	9188660	400104
67535	0	8408997	201244	124417	9188660	386467
106365	0	8062750	407033	157828	9188660	454684
83840	0	8305261	307660	103584	9188660	388315
143830	0	7749793	605971	165458	9188660	523608
81465	0	8329702	320815	89340	9188660	367338
147588	0	7780921	541078	245069	9188660	474004
102415	0	8119218	378226	141418	9188660	447383
83965	0	8287736	312838	101838	9188660	402283
108250	0	8072520	428814	151078	9188660	427998
74761	0	8351752	286505	83674	9188660	391968
68263	0	8437259	242526	92816	9188660	347796
68627	0	8402595	242265	94999	9188660	380174
1692	0	8977941	0	0	9188660	209027
72626	0	8386526	296922	61030	9188660	371556
61997	0	8425485	198880	98139	9188660	404159
61353	0	8433922	232756	72200	9188660	388429
220583	0	6333346	958125	278918	9188660	1397688
104855	0	8100862	398624	150605	9188660	433714
176907	0	7504550	694346	275410	9188660	537447
73641	0	8366238	264748	105771	9188660	378262
63778	0	8397765	219762	94753	9188660	412602
70631	0	8379728	243780	99802	9188660	394719
68318	0	8382307	244672	95091	9188660	398272
72122	0	8361499	245525	104266	9188660	405248
233127	817354	5486492	898759	362552	9188660	1390376
65658	0	8442686	237662	74519	9188660	368135
92572	0	8204930	330548	143383	9188660	417227
42694	0	8627088	128191	64317	9188660	326370
136461	0	7818205	524384	191348	9188660	518262
39745	0	8650225	127938	47834	9188660	322918
121047	0	7938573	442202	184776	9188660	502062
115417	0	7969914	432795	170639	9188660	499895
69260	0	8382350	253084	97429	9188660	386537
146010	0	7753583	621720	160140	9188660	507207
194652	0	7435045	770486	302627	9188660	485850
109873	0	8078165	408592	155431	9188660	436599
56903	0	8503430	192979	68447	9188660	366901
185774	0	7442415	717303	292618	9188660	550550
64609	0	8476548	235323	70503	9188660	341677
60919	0	8507475	180272	82344	9188660	357650
43773	0	8602949	132655	70645	9188660	338638
89577	0	8191063	304749	149455	9188660	453816
3114	0	8943072	0	0	9188660	242474
102026	0	8134851	348634	177500	9188660	425649
117039	0	8011726	493341	142596	9188660	423958
105007	0	8130888	402138	165762	9188660	384865
75773	0	8343953	283088	90900	9188660	394946
54122	0	8393026	194814	87436	9188660	459262
59440	0	8482605	222542	69682	9188660	354391
69434	0	8390055	254121	79633	9188660	395417
287612	0	5579285	1154254	425476	9188660	1742033
70729	0	8351107	256144	92357	9188660	418323
75605	0	8369903	276701	97737	9188660	368714
89561	0	8257125	324226	119247	9188660	398501
40282	0	8657476	135600	37148	9188660	318154
166936	0	7672899	657267	259985	9188660	431573
2012	0	8972366	0	0	9188660	214282
81077	0	8297610	252545	145193	9188660	412235
143370	0	7701442	548504	211398	9188660	583946
116193	0	7958768	406697	178573	9188660	528429
122332	0	7940126	456433	180782	9188660	488987
2526	0	8962908	0	0	9188660	223226
109471	0	7991895	429391	136151	9188660	521752
167433	0	7052270	680283	242857	9188660	1045817
73596	0	8361576	290500	95543	9188660	367445
98942	0	8117851	369707	136834	9188660	465326
89433	0	8227638	383211	89914	9188660	398464
70256	0	8386945	263170	93332	9188660	374957
111931	0	8042584	403887	181536	9188660	448722
56200	0	8501228	179493	71459	9188660	380280
68223	0	8400416	230497	91152	9188660	398372
100352	0	8155628	367987	138423	9188660	426270
2865	0	8967797	0	0	9188660	217998
2363	0	8966305	0	0	9188660	219992
94298	0	8213934	322018	145806	9188660	412604
113200	0	8010398	399926	183216	9188660	481920
75863	0	8359826	289644	88612	9188660	374715
82319	0	8328076	301405	99990	9188660	376870
101623	0	8142002	369942	150894	9188660	424199
76249	0	8377245	282030	92052	9188660	361084
98283	0	8187342	314793	199123	9188660	389119
54453	0	8538458	172676	72959	9188660	350114
112383	0	7984320	469540	130239	9188660	492178
80753	0	8326344	283139	121066	9188660	377358
110049	0	8076695	400028	185076	9188660	416812
81887	0	8326880	310142	94052	9188660	375699
96366	0	8187579	347682	128919	9188660	428114
49305	0	8566979	150914	68850	9188660	352612
69245	0	8401372	221401	100265	9188660	396377
124481	0	7826916	515543	159609	9188660	562111
202702	419910	6001679	834735	299646	9188660	1429988
410740	4275588	4118668	0	0	9188660	383664
262303	0	6385320	1100667	358414	9188660	1081956
82578	0	8328470	287102	111099	9188660	379411
78119	0	8314296	273506	117395	9188660	405344
105756	0	8120924	354706	187922	9188660	419352
485689	4886238	3414249	0	0	9188660	402484
104174	0	8108580	390697	143277	9188660	441932
238211	0	7128293	1005933	315619	9188660	500604
174423	0	7639900	746070	204339	9188660	423928
193749	1873806	6705614	0	0	9188660	415491
282095	416840	5052025	1224890	364910	9188660	1847900
81015	0	8291420	309537	104947	9188660	401741
137283	0	7848247	524856	204840	9188660	473434
191911	0	7378887	824364	234929	9188660	558569
129311	0	7842180	479290	192917	9188660	544962
197932	1835034	4731832	757231	317896	9188660	1348735
337769	0	5168710	1325854	461486	9188660	1894841
3881	0	8895091	0	0	9188660	289688
43504	0	8604735	118665	47237	9188660	374519
418280	1474230	2257967	1702515	577080	9188660	2758588
269052	1993479	3678481	1050793	373790	9188660	1823065
180319	2832612	5843906	0	0	9188660	331823
205262	2541133	3886129	904666	243394	9188660	1408076
89045	0	8266530	291482	148734	9188660	392869
210398	3661418	3353544	886242	262207	9188660	814851
107304	0	7919365	377302	167278	9188660	617411
156771	0	7650031	623172	220726	9188660	537960
339062	1019642	4226662	1426218	458873	9188660	1718203
98021	0	8164199	381596	124205	9188660	420639
80404	0	8335624	326289	73329	9188660	373014
191819	0	7375592	802824	248748	9188660	569677
65384	0	8407127	243759	80616	9188660	391774
183592	0	7371181	764172	238161	9188660	631554
58190	0	8539992	200799	64431	9188660	325248
58995	0	8462057	160395	113102	9188660	394111
65273	1044957	7405094	225827	85010	9188660	362499
152053	1560164	5676657	604768	219136	9188660	975882
82780	429737	7869373	252261	150028	9188660	404481
8637	803668	8156790	0	0	9188660	219565
64209	1273068	7145943	234100	79980	9188660	391360
188712	711701	5923299	820710	205394	9188660	1338844
284009	1264468	4837256	1110011	420078	9188660	1272838
91529	0	8239975	296770	147025	9188660	413361
160300	2966463	4263648	595400	242633	9188660	960216
153950	1821710	5426421	652775	188627	9188660	945177
95238	0	8180631	366610	98754	9188660	447427
337841	2302075	2614977	1360125	463592	9188660	2110050
76291	519640	7807158	287282	83893	9188660	414396
136322	0	7866290	517112	214998	9188660	453938
299554	2121201	3092053	1250188	386428	9188660	2039236
58188	0	8509765	174436	78123	9188660	368148
107879	1023098	7092160	422214	143114	9188660	400195
244049	2754138	3137796	951158	374027	9188660	1727492
242950	1807902	4324304	1025644	314710	9188660	1473150
210620	716136	5682535	857742	271977	9188660	1449650
111830	1691896	6020386	445678	153147	9188660	765723
57961	0	8487055	198703	81868	9188660	363073
124120	197003	7335080	468379	180630	9188660	883448
2208	0	8963764	0	0	9188660	222688
76782	394311	7919927	243083	124173	9188660	430384
446474	1064878	2155250	1831716	570577	9188660	3119765
87867	2097935	6170179	319841	102467	9188660	410371
67110	0	8444010	201011	115004	9188660	361525
94392	0	8178860	346286	138639	9188660	430483
157009	2352156	4800425	600627	247778	9188660	1030665
173480	425086	7045123	612170	302069	9188660	630732
216676	1691296	6814862	0	0	9188660	465826
61064	537778	7899303	204919	72086	9188660	413510
296037	1715108	3558351	1196431	425655	9188660	1997078
290867	369340	5653002	1260922	348881	9188660	1265648
3044	0	8940045	0	0	9188660	245571
153258	0	7722034	589616	215099	9188660	508653
37976	2368832	6277097	113655	46401	9188660	344699
279754	1358129	4068209	1132719	350835	9188660	1999014
79656	0	8326871	257871	128864	9188660	395398
242965	3423972	2751190	1011818	314546	9188660	1444169
187488	1341198	5336765	743401	253229	9188660	1326579
98481	0	8146814	340290	154773	9188660	448302
125040	0	7873560	479442	168928	9188660	541690
371159	966833	3482025	1475374	533879	9188660	2359390
214998	404843	5854055	865115	308607	9188660	1541042
233787	864429	5170928	944295	361916	9188660	1613305
202301	3807093	2749549	852806	279014	9188660	1297897
93067	663185	7401353	348701	136496	9188660	545858
116748	1258590	6413908	414401	186377	9188660	798636
169276	1654520	5338746	685440	222459	9188660	1118219
419429	982212	2992697	1764888	541949	9188660	2487485
53952	0	8527818	163622	82579	9188660	360689
384298	2323152	2154109	1528756	566828	9188660	2231517
233922	225151	6574962	963345	320257	9188660	871023
215289	0	7094351	741682	412111	9188660	725227
217921	4437681	2236628	914612	309425	9188660	1072393
124130	1802735	5769047	557900	112268	9188660	822580
165543	0	7326611	612196	273451	9188660	810859
351709	1175004	3385360	1423116	489117	9188660	2364354
323405	689356	4630141	1350993	474680	9188660	1720085
160607	0	7670274	632007	222331	9188660	503441
374802	1226570	2905335	1546263	485431	9188660	2650259
292702	2052937	3339550	1184057	399903	9188660	1919511
352912	2791336	1849264	1499827	459239	9188660	2236082
176730	0	7127778	704537	268085	9188660	911530
297059	288546	5007850	1255600	402927	9188660	1936678
34944	114679	8532584	117760	39766	9188660	348927
143803	0	7764718	566808	196237	9188660	517094
309394	2561730	2460782	1209032	445337	9188660	2202385
41659	1307482	7310304	143222	46871	9188660	339122
371223	1556456	2924699	1521695	528872	9188660	2285715
234027	4740236	1518362	965497	320877	9188660	1409661
142704	0	7593046	516157	228480	9188660	708273
130939	0	7962142	472996	187949	9188660	434634
336421	1818834	2941900	1431204	400687	9188660	2259614
196752	1480902	5084770	818302	253335	9188660	1354599
62283	97647	8319887	224802	76439	9188660	407602
177560	0	6886009	708695	253930	9188660	1162466
349674	1394162	3260100	1413665	490043	9188660	2281016
129060	1181622	6785553	470357	206971	9188660	415097
171520	0	7353743	702457	240837	9188660	720103
59722	0	8490453	207911	82087	9188660	348487
373388	1951127	2490065	1518620	511040	9188660	2344420
287787	2740602	2524828	1230148	386415	9188660	2018880
293095	2658002	5812503	0	0	9188660	425060
109099	0	8066003	398715	134235	9188660	480608
125724	1028276	6870271	465003	194122	9188660	505264
254252	797052	5713922	990659	383258	9188660	1049517
122309	0	7985151	453780	174173	9188660	453247
167432	563456	6750246	665395	245922	9188660	796209
93876	0	8206214	379410	102445	9188660	406715
229495	634215	5610197	951902	319718	9188660	1443133
167965	3938513	3161000	691884	246516	9188660	982782
294647	2791614	2580301	1176029	428543	9188660	1917526
69838	0	8402097	252258	94850	9188660	369617
365888	520090	3879909	1456762	527245	9188660	2438766
192492	3190357	3411534	816679	254838	9188660	1322760
158173	488608	7262523	601487	239839	9188660	438030
41569	418648	8204053	131326	54950	9188660	338114
149213	553388	6939115	614807	181358	9188660	750779
263063	1540228	4149581	1097635	362282	9188660	1775871
129885	0	7756248	528335	167779	9188660	606413
363704	1454863	3132231	1546930	476136	9188660	2214796
88134	0	8239950	340688	94543	9188660	425345
69739	0	8367267	221006	124975	9188660	405673
186960	0	6937697	746820	247589	9188660	1069594
353388	828850	4279443	1548763	436983	9188660	1741233
184243	2365685	4593496	769594	217783	9188660	1057859
170699	0	7003720	691352	225831	9188660	1097058
294179	1987614	3374211	1186654	418765	9188660	1927237
174211	2073683	4776295	666975	285925	9188660	1211571
2389	0	8945454	0	0	9188660	240817
4208	0	8914045	0	0	9188660	270407
124800	225485	7703762	521016	160276	9188660	453321
3081	0	8941071	0	0	9188660	244508
42301	0	8605468	131950	35069	9188660	373872
313707	1061305	4465015	1305330	447550	9188660	1595753
76683	0	8352018	277544	104536	9188660	377879
94583	534886	7586404	342718	137488	9188660	492581
321851	999841	3995023	1327427	459454	9188660	2085064
1801	0	8968308	0	0	9188660	218551
248363	326517	5429754	1000403	337658	9188660	1845965
231236	2197653	3935380	1016736	303951	9188660	1503704
308811	1308381	3851538	1276347	408523	9188660	2035060
12381	575279	8369248	0	0	9188660	231752
104724	0	8090095	364632	156447	9188660	472762
193941	1564196	5000781	863189	219745	9188660	1346808
67021	2288253	6595656	0	0	9188660	237730
60998	354883	8150190	174433	102983	9188660	345173
355330	2048309	2567904	1501662	483830	9188660	2231625
100840	0	8150578	307678	206821	9188660	422743
244850	1690238	4783889	986633	346963	9188660	1136087
2052	0	8946555	0	0	9188660	240053
275043	2161917	3378244	1120661	395157	9188660	1857638
113789	0	8019824	452352	157996	9188660	444699
86342	0	8295286	295873	130227	9188660	380932
347456	1774442	2926853	1482329	421774	9188660	2235806
318322	1131539	3915231	1232897	482251	9188660	2108420
371714	0	4317839	1388917	513421	9188660	2596769
154232	0	7309984	630212	238959	9188660	855273
82931	0	8341932	286128	112812	9188660	364857
186897	720510	5939865	735931	267524	9188660	1337933
380107	1032313	3500780	1600348	509988	9188660	2165124
355237	1947765	2582556	1507169	460945	9188660	2334988
106027	0	8123514	357688	152303	9188660	449128
86493	0	8278147	323743	120141	9188660	380136
59939	0	8441139	211517	66610	9188660	409455
347002	760326	4020626	1484031	457238	9188660	2119437
60256	0	8446938	204558	83884	9188660	393024
82957	0	8236350	329225	91154	9188660	448974
106851	0	7874778	403059	178639	9188660	625333
367249	0	4390471	1449319	455455	9188660	2526166
285947	667252	4614123	1159133	431552	9188660	2030653
77172	0	8315734	297890	87768	9188660	410096
196265	1102663	5454701	840666	248054	9188660	1346311
294274	1428863	3990491	1224522	396415	9188660	1854095
125665	0	7918550	494182	182603	9188660	467660
37804	0	8653855	110739	50078	9188660	336184
90706	0	8212573	324911	128591	9188660	431879
142448	627702	7079194	564324	215246	9188660	559746
129744	0	7863123	458484	228912	9188660	508397
337045	3632357	4829350	0	0	9188660	389908
1651	0	8979280	0	0	9188660	207729
306589	1179697	3854098	1287195	418128	9188660	2142953
140588	473382	7295748	527572	221433	9188660	529937
44924	0	8613640	120202	50620	9188660	359274
185647	0	7379289	751574	257129	9188660	615021
310806	660688	4797066	1291514	391076	9188660	1737510
254739	2611241	5920789	0	0	9188660	401891
118715	0	7906227	443929	178704	9188660	541085
296881	0	6183905	1265569	411964	9188660	1030341
64432	0	8400932	198929	108123	9188660	416244
46400	0	8584299	139977	48522	9188660	369462
259077	2213688	3673748	1068565	355032	9188660	1618550
64133	0	8454345	209556	92278	9188660	368348
47850	0	8567443	147718	73376	9188660	352273
290768	664329	4720893	1192843	394453	9188660	1925374
85947	0	8270062	328543	105693	9188660	398415
72601	0	8374217	215021	122764	9188660	404057
252850	0	6728811	1039140	357666	9188660	810193
407960	732771	3287172	1638390	548293	9188660	2574074
195912	0	6850434	807112	315141	9188660	1020061
257601	1934078	4050722	1080056	334791	9188660	1531412
62562	0	8407605	214684	85311	9188660	418498
77146	0	8341036	226587	125415	9188660	418476
371029	0	4237107	1406255	483884	9188660	2690385
396851	752368	3322553	1655518	537101	9188660	2524269
69082	0	8434327	263176	66437	9188660	355638
41921	0	8622677	142479	41954	9188660	339629
88215	0	8260205	297686	149426	9188660	393128
80855	0	8310982	260641	142319	9188660	393863
295381	0	5593008	1235336	394633	9188660	1670302
50443	0	8568078	166180	66066	9188660	337893
392656	1565663	2802419	1642965	555174	9188660	2229783
81175	0	8325918	297855	108478	9188660	375234
169597	0	7394046	687255	251385	9188660	686377
84068	0	8236632	293726	125340	9188660	448894
397153	0	4104133	1596412	564675	9188660	2526287
110780	0	8053154	438025	158027	9188660	428674
236503	1077349	5145779	991929	301525	9188660	1435575
180366	0	7114311	734786	255343	9188660	903854
335673	1607686	3172679	1366174	483120	9188660	2223328
440358	1023622	2485508	1826958	571231	9188660	2840983
152286	0	7641057	608509	205980	9188660	580828
147323	0	7625553	606788	162668	9188660	646328
67902	0	8416606	207471	118511	9188660	378170
380196	850684	3332291	1579836	520560	9188660	2525093
110096	0	8026013	418290	159763	9188660	474498
2116	0	8953112	0	0	9188660	233432
264274	3071095	2627172	1075065	348414	9188660	1802640
35336	0	8675328	106903	39808	9188660	331285
193560	0	6897260	746190	302333	9188660	1049317
93771	0	8188297	374963	114005	9188660	417624
371012	0	4436353	1472502	459020	9188660	2449773
123682	0	7955511	449546	208153	9188660	451768
78322	0	8350657	284129	96599	9188660	378953
235348	1668827	4701223	936786	351869	9188660	1294607
432732	779352	2713709	1766376	590188	9188660	2906303
288639	0	5397929	1180472	401722	9188660	1919898
39841	0	8627660	122754	51573	9188660	346832
2551	0	8949382	0	0	9188660	236727
147669	0	7462941	568151	233733	9188660	776166
43464	0	8613572	144978	44860	9188660	341786
92547	0	8207144	351920	121145	9188660	415904
338853	0	4803156	1351614	467539	9188660	2227498
162082	1686491	5554251	602283	254635	9188660	928918
130648	0	7673221	501183	180812	9188660	702796
93008	0	8273798	321924	123846	9188660	376084
2572	0	8963891	0	0	9188660	222197
340470	3291532	5150456	0	0	9188660	406202
170824	0	7544755	674830	224904	9188660	573347
419298	992587	2753304	1712498	552978	9188660	2757995
68056	1983818	6887574	0	0	9188660	249212
278088	0	5767082	1100259	401100	9188660	1642131
78571	0	8292778	270981	124086	9188660	422244
89391	795725	7931873	0	0	9188660	371671
28387	259271	8554831	0	0	9188660	346171
2773	0	8942469	0	0	9188660	243418
123409	0	7663089	481606	182726	9188660	737830
314307	826337	4272555	1251049	455555	9188660	2068857
398972	0	3939080	1548017	500983	9188660	2801608
90389	0	8260017	353396	90557	9188660	394301
2685	0	8968331	0	0	9188660	217644
91191	0	8244053	351227	119220	9188660	382969
99863	0	8130228	357619	167095	9188660	433855
134921	0	7828126	503029	211600	9188660	510984
310656	711217	4373524	1309601	390088	9188660	2093574
108175	0	8075609	376454	166983	9188660	461439
88619	0	8228293	334484	126120	9188660	411144
192679	0	6834262	821243	261479	9188660	1078997
244109	0	6625130	968209	378534	9188660	972678
273197	0	5936398	1113273	437192	9188660	1428600
220155	0	6398109	902706	311574	9188660	1356116
47530	0	8578150	161240	63822	9188660	337918
2644	0	8946041	0	0	9188660	239975
290225	0	5689325	1195888	380611	9188660	1632611
119726	1595202	7147350	0	0	9188660	326382
360261	0	4697682	1475800	447292	9188660	2207625
333990	1481164	3207653	1419762	426470	9188660	2319621
253965	683572	5065663	1094706	317518	9188660	1773236
222745	2504705	3665101	935346	257745	9188660	1603018
118102	0	7725249	446743	181912	9188660	716654
398073	0	4013056	1592772	556978	9188660	2627781
173140	0	7493188	694022	241237	9188660	587073
131256	0	7715022	474272	198916	9188660	669194
266503	0	6147739	1107117	361169	9188660	1306132
196403	0	7141008	736881	332165	9188660	782203
164086	0	7325179	662295	233944	9188660	803156
267954	0	5920378	1097535	415729	9188660	1487064
255469	0	6085126	1063428	360362	9188660	1424275
176680	0	7284515	676514	270105	9188660	780846
73261	0	8360766	283089	96578	9188660	374966
94720	0	8175117	339811	135259	9188660	443753
114293	0	8006884	447295	153731	9188660	466457
264589	0	6311284	1072847	380315	9188660	1159625
266683	0	5609399	1061632	365473	9188660	1885473
164027	0	7298987	687940	207422	9188660	830284
196757	0	7244719	815549	253397	9188660	678238
325027	0	5481354	1359818	457745	9188660	1564716
370381	0	4270144	1448548	482562	9188660	2617025
354795	0	4451830	1399973	435472	9188660	2546590
338829	1002246	3909265	1404658	460929	9188660	2072733
231227	0	6680344	903520	356552	9188660	1017017
151514	0	7556525	569085	220683	9188660	690853
236032	0	6900650	978932	308869	9188660	764177
293818	2157238	3057602	1238896	377673	9188660	2063433
375193	1260047	2876953	1562246	504174	9188660	2610047
82865	0	8283978	300954	95141	9188660	425722
206536	0	7077895	814556	320615	9188660	769058
267414	1280862	4438054	1131784	366322	9188660	1704224
77760	0	8332847	229267	152714	9188660	396072
294685	0	5368766	1269884	373973	9188660	1881352
314364	2942469	5499435	0	0	9188660	432392
109579	0	8076908	430698	161779	9188660	409696
91702	0	8223432	364235	116207	9188660	393084
307577	1053578	3948701	1341478	390647	9188660	2146679
73825	0	8404594	239450	111285	9188660	359506
300203	821697	4282183	1243427	364396	9188660	2176754
229164	0	6355863	953024	354958	9188660	1295651
158755	0	7611565	577557	261534	9188660	579249
104185	0	8086109	389066	149657	9188660	459643
109617	0	8065968	447635	152964	9188660	412476
276111	1598649	3836518	1218239	319980	9188660	1939163
175859	0	7363184	679156	279606	9188660	690855
3282	0	8877113	0	0	9188660	308265
153235	0	7763141	546611	246668	9188660	479005
76241	0	8376352	260138	110218	9188660	365711
153972	0	7685973	573117	239890	9188660	535708
355160	1490301	3094237	1466511	490211	9188660	2292240
330552	676202	4014578	1346307	440506	9188660	2380515
89908	0	8241072	337908	113984	9188660	405788
166389	0	7480125	666896	244221	9188660	631029
83148	0	8276077	295688	121563	9188660	412184
82411	0	8291695	313887	98583	9188660	402084
64616	0	8426437	214756	97852	9188660	384999
86349	0	8223093	291563	147435	9188660	440220
129322	0	7769709	469011	189540	9188660	631078
88040	0	8259537	318958	119724	9188660	402401
164557	0	7604386	653221	237670	9188660	528826
113312	0	8055034	410715	163600	9188660	445999
110617	0	8040059	395556	152163	9188660	490265
345963	1152704	3803650	1448802	482831	9188660	1954710
81072	0	8323952	253282	120198	9188660	410156
86443	0	8280870	322845	104545	9188660	393957
189275	0	7034268	764223	275989	9188660	924905
54727	0	8514308	177126	78486	9188660	364013
71765	0	8382471	234385	115429	9188660	384610
108749	0	8082166	416988	154547	9188660	426210
119631	0	7851193	467122	172975	9188660	577739
163072	0	7588456	648258	216127	9188660	572747
70219	0	8399907	212941	100793	9188660	404800
300178	3030491	2391473	1208667	415305	9188660	1842546
296544	0	5777032	1223802	434858	9188660	1456424
139563	2189431	5249162	518721	242269	9188660	849514
255912	0	5742673	1086353	335169	9188660	1768553
197239	599849	5899660	888004	219650	9188660	1384258
178077	1845477	5288039	730022	253676	9188660	893369
345932	1702783	3515451	1444005	471912	9188660	1708577
383069	1186129	3014079	1562663	506315	9188660	2536405
341342	1031357	4051444	1406041	494677	9188660	1863799
353214	711943	3972656	1430909	478292	9188660	2241646
363312	1247447	3255750	1524402	528866	9188660	2268883
287810	2889208	2692193	1111745	446645	9188660	1761059
271107	3676322	2007704	1102474	349892	9188660	1781161
216958	858631	5438073	990384	206440	9188660	1478174
311515	1475111	3604822	1304325	423022	9188660	2069865
280987	1034284	4626064	1139757	408334	9188660	1699234
317814	0	5305311	1244085	436752	9188660	1884698
60455	0	8501364	209445	83205	9188660	334191
299563	2116147	3215788	1281107	387903	9188660	1888152
167132	0	6990548	610891	276684	9188660	1143405
317392	2884536	3058634	1415810	362696	9188660	1149592
370797	967340	3550459	1588420	456325	9188660	2255319
371634	1338392	3209617	1553264	491643	9188660	2224110
205616	0	6632220	864178	297692	9188660	1188954
277352	0	5369588	1235892	358780	9188660	1947048
290345	2922240	2516083	1163525	405901	9188660	1890566
268267	1325303	4356074	1068422	368492	9188660	1802102
190961	0	6945074	775397	265820	9188660	1011408
167646	0	7430542	700249	243190	9188660	647033
165932	0	7566008	654243	247679	9188660	554798
382468	0	4064364	1558776	462125	9188660	2720927
218540	643635	5808040	867151	322977	9188660	1328317
338211	1297551	3466383	1450530	449731	9188660	2186254
186844	955478	5676891	756722	256168	9188660	1356557
84236	0	8275157	342871	92017	9188660	394379
69571	0	8398892	203604	136122	9188660	380471
64070	0	8440813	208166	111328	9188660	364283
53237	0	8534070	152850	96758	9188660	351745
156787	0	7504118	615009	238889	9188660	673857
160750	0	7415667	645445	225797	9188660	741001
207707	0	6793756	863796	275108	9188660	1048293
81276	0	8296594	288307	119074	9188660	403409
292537	152199	5446258	1213884	413874	9188660	1669908
288932	0	5453106	1206813	401744	9188660	1838065
100232	0	8085860	451331	83226	9188660	468011
291355	4614412	689168	1246016	372616	9188660	1975093
231584	0	6263952	958317	329392	9188660	1405415
279589	0	5778667	1150032	420938	9188660	1559434
6638	449155	8478370	0	0	9188660	254497
387352	553527	3541692	1569220	560125	9188660	2576744
273299	4835160	691696	1119644	401152	9188660	1867709
225451	2639137	3553309	996521	266645	9188660	1507597
1813	0	8964602	0	0	9188660	222245
61375	0	8430095	192342	109814	9188660	395034
293729	330928	4989589	1204199	409506	9188660	1960709
288515	0	5552488	1147228	413906	9188660	1786523
304992	2007659	3119830	1351609	376519	9188660	2028051
210281	0	7086021	779855	373421	9188660	739082
252463	0	6167413	1050389	374853	9188660	1343542
265252	2906233	2893463	1115946	321469	9188660	1686297
120029	0	7987122	449425	188730	9188660	443354
87618	0	8137819	342639	126284	9188660	494300
94385	0	8165954	396625	110193	9188660	421503
82627	0	8293775	323612	89323	9188660	399323
232254	0	7170928	1003326	319109	9188660	463043
104763	0	8093663	391677	158923	9188660	439634
126360	0	7922431	458377	229854	9188660	451638
109785	0	8023029	386611	186827	9188660	482408
69714	0	8406819	247268	103263	9188660	361596
70259	0	8407489	235587	105094	9188660	370231
79962	0	8274330	289860	110088	9188660	434420
95482	0	8167297	354176	152559	9188660	419146
144283	0	7737564	571857	201403	9188660	533553
175797	0	7436314	710614	237651	9188660	628284
132688	0	7854229	534762	200160	9188660	466821
127032	0	7837917	489785	196367	9188660	537559
246428	660058	5452999	996053	365235	9188660	1467887
97994	0	8148009	366985	142326	9188660	433346
61582	0	8468271	208452	92784	9188660	357571
192428	0	7438928	778731	287079	9188660	491494
86871	0	8256437	348868	93339	9188660	403145
65666	0	8429203	221784	89834	9188660	382173
107317	0	8036756	394066	167498	9188660	483023
105883	0	8091542	412601	142555	9188660	436079
99554	0	8131210	368264	151409	9188660	438223
118793	0	7970535	439842	189774	9188660	469716
90544	0	8180088	325330	137387	9188660	455311
187516	0	7511649	756595	264454	9188660	468446
124380	0	7834965	448054	200655	9188660	580606
121525	0	7852316	494916	156484	9188660	563419
136860	0	7589352	519463	182609	9188660	760376
138594	0	7817116	562087	166971	9188660	503892
100609	0	8117536	397528	134908	9188660	438079
254877	173230	5635454	1107086	326454	9188660	1691559
298830	1244052	3914856	1197244	435751	9188660	2097927
67739	0	8386112	219064	123677	9188660	392068
107419	0	8067717	399371	171753	9188660	442400
61562	0	8474419	215876	78856	9188660	357947
218141	2414058	4000025	925869	292518	9188660	1338049
77270	0	8356338	276518	108550	9188660	369984
307817	301697	4690320	1296161	406287	9188660	2186378
193269	0	6873823	771661	286630	9188660	1063277
78233	0	8248560	270690	129747	9188660	461430
195195	0	6809532	833290	240048	9188660	1110595
113264	0	8047785	421046	179509	9188660	427056
123442	0	7859649	515374	157687	9188660	532508
233465	3245103	5359046	0	0	9188660	351046
389125	3694139	186995	1691210	478474	9188660	2748717
372337	0	4230075	1532084	453926	9188660	2600238
101323	0	8066541	374450	157762	9188660	488584
59900	0	8477201	207444	87737	9188660	356378
96366	0	8136649	335759	149939	9188660	469947
87448	0	8217474	352658	100066	9188660	431014
320585	1816871	3210452	1346335	420183	9188660	2074234
79883	0	8300351	279770	129880	9188660	398776
135553	0	7714275	552499	190083	9188660	596250
69333	0	8403140	214846	115148	9188660	386193
125078	0	7919200	502947	172846	9188660	468589
119084	0	7983622	458088	174998	9188660	452868
127391	0	7917498	569470	140935	9188660	433366
94778	0	8151041	344307	151880	9188660	446654
71224	0	8397167	230021	108600	9188660	381648
240805	0	7048570	1041765	341845	9188660	515675
364293	2221421	2405584	1533669	460612	9188660	2203081
241775	3960817	2026971	1036427	301733	9188660	1620937
257197	1240109	4508790	1040826	383130	9188660	1758608
204743	1282943	5259380	858360	263069	9188660	1320165
353284	2143828	2555211	1465549	488895	9188660	2181893
203847	1370130	5141078	837123	273569	9188660	1362913
78642	0	8306361	290825	111867	9188660	400965
89627	0	8260980	318299	132204	9188660	387550
77540	0	8312025	320088	75230	9188660	403777
78022	0	8331237	259185	136918	9188660	383298
92518	1497897	6681566	321928	112653	9188660	482098
161252	0	7569901	630010	242321	9188660	585176
111313	0	7969352	413557	182942	9188660	511496
13969	923976	8015746	0	0	9188660	234969
2186	0	8960094	0	0	9188660	226380
376574	1411026	2819697	1540213	523983	9188660	2517167
293959	0	5290764	1205800	390583	9188660	2007554
279179	0	5617308	1095320	403231	9188660	1793622
69297	0	8428761	255251	76358	9188660	358993
